set title "VVER-1000 Burnup Calculation"

% --- Fuel pin T campaign:
pin 1
fuel 0.3785
clad 0.455
water

% --- Fuel pin 2T campaign:
pin 6
fuel1 0.3785
clad  0.455
water

% --- Fuel pin 3T campaign:
pin 7
fuel2 0.3785
clad  0.455
water

% --- Tube:

pin 2
water 0.545
clad  0.63
water

% --- central tube:

pin 3
water 0.545
clad  0.63
water

% --- empty lattice position:

pin 4
water

pin 5
void

% --- Surfaces

surf 1   hexxc   0.0   0.0   11.6
surf 2   hexxc   0.0   0.0   11.8
surf 3   pz      -176.5
surf 4   pz       176.5
surf 5   hexxc     0.0   0.0   23.19659


% --- Lattice (type = 2, pitch = 1.275 cm):

lat 16 3 0.0 0.0 23 23 1.275
4 4 4 4 4 4 4 4 4 4 4 4 4 4 4 4 4 4 4 4 4 4 4
 4 4 4 4 4 4 4 4 4 4 4 1 1 1 1 1 1 1 1 1 1 1 4
  4 4 4 4 4 4 4 4 4 4 1 1 1 1 1 1 1 1 1 1 1 1 4
   4 4 4 4 4 4 4 4 4 1 1 1 1 1 1 1 1 1 1 1 1 1 4
    4 4 4 4 4 4 4 4 1 1 1 1 1 1 1 1 1 1 1 1 1 1 4
     4 4 4 4 4 4 4 1 1 1 1 1 1 1 2 1 1 1 1 1 1 1 4
      4 4 4 4 4 4 1 1 1 1 1 2 1 1 1 1 2 1 1 1 1 1 4
       4 4 4 4 4 1 1 1 1 1 1 1 1 1 1 1 1 1 1 1 1 1 4
        4 4 4 4 1 1 1 1 2 1 1 1 1 2 1 1 1 2 1 1 1 1 4
         4 4 4 1 1 1 1 1 1 1 2 1 1 1 1 1 1 1 1 1 1 1 4
          4 4 1 1 1 1 1 1 1 1 1 1 1 1 2 1 1 1 1 1 1 1 4
           4 1 1 1 1 1 2 1 1 1 1 3 1 1 1 1 2 1 1 1 1 1 4
            4 1 1 1 1 1 1 1 2 1 1 1 1 1 1 1 1 1 1 1 1 4 4
             4 1 1 1 1 1 1 1 1 1 1 1 2 1 1 1 1 1 1 1 4 4 4
              4 1 1 1 1 2 1 1 1 2 1 1 1 1 2 1 1 1 1 4 4 4 4
               4 1 1 1 1 1 1 1 1 1 1 1 1 1 1 1 1 1 4 4 4 4 4
                4 1 1 1 1 1 2 1 1 1 1 2 1 1 1 1 1 4 4 4 4 4 4
                 4 1 1 1 1 1 1 1 2 1 1 1 1 1 1 1 4 4 4 4 4 4 4
                  4 1 1 1 1 1 1 1 1 1 1 1 1 1 1 4 4 4 4 4 4 4 4
                   4 1 1 1 1 1 1 1 1 1 1 1 1 1 4 4 4 4 4 4 4 4 4
                    4 1 1 1 1 1 1 1 1 1 1 1 1 4 4 4 4 4 4 4 4 4 4
                     4 1 1 1 1 1 1 1 1 1 1 1 4 4 4 4 4 4 4 4 4 4 4
                      4 4 4 4 4 4 4 4 4 4 4 4 4 4 4 4 4 4 4 4 4 4 4


% --- Cell 

cell  121 121  fill 16       -1   3 -4
%cell  122 121  water      1 -2   3 -4
cell  123 121  water         1   3 -4
cell  124 121  water            -3
cell  125 121  water                4

% --- Lattice (type = 3, pitch = 1.275 cm):

lat 17 3 0.0 0.0 23 23 1.275
4 4 4 4 4 4 4 4 4 4 4 4 4 4 4 4 4 4 4 4 4 4 4
 4 4 4 4 4 4 4 4 4 4 4 6 6 6 6 6 6 6 6 6 6 6 4
  4 4 4 4 4 4 4 4 4 4 6 6 6 6 6 6 6 6 6 6 6 6 4
   4 4 4 4 4 4 4 4 4 6 6 6 6 6 6 6 6 6 6 6 6 6 4
    4 4 4 4 4 4 4 4 6 6 6 6 6 6 6 6 6 6 6 6 6 6 4
     4 4 4 4 4 4 4 6 6 6 6 6 6 6 2 6 6 6 6 6 6 6 4
      4 4 4 4 4 4 6 6 6 6 6 2 6 6 6 6 2 6 6 6 6 6 4
       4 4 4 4 4 6 6 6 6 6 6 6 6 6 6 6 6 6 6 6 6 6 4
        4 4 4 4 6 6 6 6 2 6 6 6 6 2 6 6 6 2 6 6 6 6 4
         4 4 4 6 6 6 6 6 6 6 2 6 6 6 6 6 6 6 6 6 6 6 4
          4 4 6 6 6 6 6 6 6 6 6 6 6 6 2 6 6 6 6 6 6 6 4
           4 6 6 6 6 6 2 6 6 6 6 3 6 6 6 6 2 6 6 6 6 6 4
            4 6 6 6 6 6 6 6 2 6 6 6 6 6 6 6 6 6 6 6 6 4 4
             4 6 6 6 6 6 6 6 6 6 6 6 2 6 6 6 6 6 6 6 4 4 4
              4 6 6 6 6 2 6 6 6 2 6 6 6 6 2 6 6 6 6 4 4 4 4
               4 6 6 6 6 6 6 6 6 6 6 6 6 6 6 6 6 6 4 4 4 4 4
                4 6 6 6 6 6 2 6 6 6 6 2 6 6 6 6 6 4 4 4 4 4 4
                 4 6 6 6 6 6 6 6 2 6 6 6 6 6 6 6 4 4 4 4 4 4 4
                  4 6 6 6 6 6 6 6 6 6 6 6 6 6 6 4 4 4 4 4 4 4 4
                   4 6 6 6 6 6 6 6 6 6 6 6 6 6 4 4 4 4 4 4 4 4 4
                    4 6 6 6 6 6 6 6 6 6 6 6 6 4 4 4 4 4 4 4 4 4 4
                     4 6 6 6 6 6 6 6 6 6 6 6 4 4 4 4 4 4 4 4 4 4 4
                      4 4 4 4 4 4 4 4 4 4 4 4 4 4 4 4 4 4 4 4 4 4 4


% --- Cell 

cell  131 131  fill 17      -1   3 -4
%cell  132 131  water      1 -2   3 -4
cell  133 131  water         1   3 -4
cell  134 131  water            -3
cell  135 131  water                4

% --- Lattice (type = 2, pitch = 1.275 cm):

lat 18 3 0.0 0.0 23 23 1.275
4 4 4 4 4 4 4 4 4 4 4 4 4 4 4 4 4 4 4 4 4 4 4
 4 4 4 4 4 4 4 4 4 4 4 7 7 7 7 7 7 7 7 7 7 7 4
  4 4 4 4 4 4 4 4 4 4 7 7 7 7 7 7 7 7 7 7 7 7 4
   4 4 4 4 4 4 4 4 4 7 7 7 7 7 7 7 7 7 7 7 7 7 4
    4 4 4 4 4 4 4 4 7 7 7 7 7 7 7 7 7 7 7 7 7 7 4
     4 4 4 4 4 4 4 7 7 7 7 7 7 7 2 7 7 7 7 7 7 7 4
      4 4 4 4 4 4 7 7 7 7 7 2 7 7 7 7 2 7 7 7 7 7 4
       4 4 4 4 4 7 7 7 7 7 7 7 7 7 7 7 7 7 7 7 7 7 4
        4 4 4 4 7 7 7 7 2 7 7 7 7 2 7 7 7 2 7 7 7 7 4
         4 4 4 7 7 7 7 7 7 7 2 7 7 7 7 7 7 7 7 7 7 7 4
          4 4 7 7 7 7 7 7 7 7 7 7 7 7 2 7 7 7 7 7 7 7 4
           4 7 7 7 7 7 2 7 7 7 7 3 7 7 7 7 2 7 7 7 7 7 4
            4 7 7 7 7 7 7 7 2 7 7 7 7 7 7 7 7 7 7 7 7 4 4
             4 7 7 7 7 7 7 7 7 7 7 7 2 7 7 7 7 7 7 7 4 4 4
              4 7 7 7 7 2 7 7 7 2 7 7 7 7 2 7 7 7 7 4 4 4 4
               4 7 7 7 7 7 7 7 7 7 7 7 7 7 7 7 7 7 4 4 4 4 4
                4 7 7 7 7 7 2 7 7 7 7 2 7 7 7 7 7 4 4 4 4 4 4
                 4 7 7 7 7 7 7 7 2 7 7 7 7 7 7 7 4 4 4 4 4 4 4
                  4 7 7 7 7 7 7 7 7 7 7 7 7 7 7 4 4 4 4 4 4 4 4
                   4 7 7 7 7 7 7 7 7 7 7 7 7 7 4 4 4 4 4 4 4 4 4
                    4 7 7 7 7 7 7 7 7 7 7 7 7 4 4 4 4 4 4 4 4 4 4
                     4 7 7 7 7 7 7 7 7 7 7 7 4 4 4 4 4 4 4 4 4 4 4
                      4 4 4 4 4 4 4 4 4 4 4 4 4 4 4 4 4 4 4 4 4 4 4


% --- Cell 

cell  141 141  fill 18      -1   3 -4
%cell  142 141  water      1 -2   3 -4
cell  143 141  water         1   3 -4
cell  144 141  water            -3
cell  145 141  water                4

% --- water assembly 

lat 15 3 0.0 0.0 23 23 1.275
5 5 5 5 5 5 5 5 5 5 5 5 5 5 5 5 5 5 5 5 5 5 5
 5 5 5 5 5 5 5 5 5 5 5 5 5 5 5 5 5 5 5 5 5 5 5
  5 5 5 5 5 5 5 5 5 5 5 5 5 5 5 5 5 5 5 5 5 5 5
   5 5 5 5 5 5 5 5 5 5 5 5 5 5 5 5 5 5 5 5 5 5 5
    5 5 5 5 5 5 5 5 5 5 5 5 5 5 5 5 5 5 5 5 5 5 5
     5 5 5 5 5 5 5 5 5 5 5 5 5 5 5 5 5 5 5 5 5 5 5
      5 5 5 5 5 5 5 5 5 5 5 5 5 5 5 5 5 5 5 5 5 5 5
       5 5 5 5 5 5 5 5 5 5 5 5 5 5 5 5 5 5 5 5 5 5 5
        5 5 5 5 5 5 5 5 5 5 5 5 5 5 5 5 5 5 5 5 5 5 5
         5 5 5 5 5 5 5 5 5 5 5 5 5 5 5 5 5 5 5 5 5 5 5
          5 5 5 5 5 5 5 5 5 5 5 5 5 5 5 5 5 5 5 5 5 5 5
           5 5 5 5 5 5 5 5 5 5 5 5 5 5 5 5 5 5 5 5 5 5 5
            5 5 5 5 5 5 5 5 5 5 5 5 5 5 5 5 5 5 5 5 5 5 5
             5 5 5 5 5 5 5 5 5 5 5 5 5 5 5 5 5 5 5 5 5 5 5
              5 5 5 5 5 5 5 5 5 5 5 5 5 5 5 5 5 5 5 5 5 5 5
               5 5 5 5 5 5 5 5 5 5 5 5 5 5 5 5 5 5 5 5 5 5 5
                5 5 5 5 5 5 5 5 5 5 5 5 5 5 5 5 5 5 5 5 5 5 5
                 5 5 5 5 5 5 5 5 5 5 5 5 5 5 5 5 5 5 5 5 5 5 5
                  5 5 5 5 5 5 5 5 5 5 5 5 5 5 5 5 5 5 5 5 5 5 5
                   5 5 5 5 5 5 5 5 5 5 5 5 5 5 5 5 5 5 5 5 5 5 5
                    5 5 5 5 5 5 5 5 5 5 5 5 5 5 5 5 5 5 5 5 5 5 5
                     5 5 5 5 5 5 5 5 5 5 5 5 5 5 5 5 5 5 5 5 5 5 5
                      5 5 5 5 5 5 5 5 5 5 5 5 5 5 5 5 5 5 5 5 5 5 5

% --- Cell 

cell  300 300  fill 15      -1   3 -4
cell  301 300  void          1   3 -4
cell  302 300  void             -3
cell  303 300  void                 4

% --- core

lat 410  2  0.0  0.0  5  5  23.19659
300 300 300 300 300
  300 300 141 131 300
    300 131 121 141 300
      300 141 131 300 300
        300 300 300 300 300


% -- Cell

cell  400  0  fill 410        -5   3 -4
%cell  401  0  clad          5 -6   3 -4
cell  402  0  outside          5   3 -4
cell  403  0  outside             -3
cell  404  0  outside                 4


% --- Fuel material (4.9 wt-% enriched uranium), density 10.4 g/cm3

mat fuel     sum tmp 1000.0 rgb 240 240 100 burn 1
92235.09c    7.32115E-04 
92238.09c    2.18224E-02
 8016.09c    4.63980E-02
92236.09c    7.59852E-05
43099.09c    2.40361E-05
45103.09c    1.18604E-05
47109.09c    1.08737E-06
48113.09c    7.04413E-09
54135.09c    1.18324E-08
62149.09c    1.27170E-07
62151.09c    4.71041E-07
63155.09c    8.21373E-08
64152.09c    6.57786E-12
64154.09c    7.06636E-09
64155.09c    9.35704E-10
64156.09c    4.09787E-07
64157.09c    2.31668E-09
64158.09c    1.41936E-07
64160.09c    9.36363E-09
93237.09c    3.93763E-06
93239.09c    1.62364E-06
94238.09c    4.92296E-07
94239.09c    1.14300E-04
94240.09c    2.01077E-05
94241.09c    1.06215E-05
94242.09c    1.09660E-06
95241.09c    1.76358E-07
95243.09c    9.48081E-08
96242.09c    2.40725E-08
96244.09c    1.01713E-08
96245.09c    2.91018E-10
62152.09c    2.17720E-06
54131.09c    1.07958E-05
55133.09c    2.59189E-05
60145.09c    1.49411E-05
60143.09c    2.02483E-05
61147.09c    5.83617E-06
42095.09c    1.78466E-05
55134.09c    1.35113E-06
59141.09c    2.12279E-05
61148.09c    2.84816E-08
45105.09c    4.34323E-08
61149.09c    3.99474E-08
36083.09c    1.92478E-06
44101.09c    2.19418E-05
46105.09c    7.29439E-06
55135.09c    1.03810E-05
62150.09c    5.01000E-06
63151.09c    7.40360E-10
63153.09c    1.49252E-06
63154.09c    2.14880E-07
95242.09c    3.37815E-10
96243.09c    1.98565E-10
68162.09c    2.55410E-18
68164.09c    1.07309E-14
68166.09c    1.16114E-10
68167.09c    2.14282E-11
68168.09c    4.34215E-11
68170.09c    5.64597E-12

mat fuel1    sum tmp 1000.0 rgb 255 165 0 burn 1
92235.09c    4.47012E-04 
92238.09c    2.15434E-02
 8016.09c    4.63962E-02
92236.09c    1.24224E-04
43099.09c    4.57498E-05
45103.09c    2.38215E-05
47109.09c    3.18471E-06
48113.09c    8.56651E-09
54135.09c    1.08899E-08
62149.09c    1.27163E-07
62151.09c    5.74025E-07
63155.09c    2.47998E-07
64152.09c    1.82347E-11
64154.09c    5.72717E-08
64155.09c    2.75725E-09
64156.09c    1.84828E-06
64157.09c    4.18809E-09
64158.09c    4.66593E-07
64160.09c    2.93391E-08
93237.09c    1.08219E-05
93239.09c    1.86108E-06
94238.09c    2.94570E-06
94239.09c    1.52880E-04
94240.09c    4.58518E-05
94241.09c    3.01797E-05
94242.09c    7.17266E-06
95241.09c    9.11272E-07
95243.09c    1.32024E-06
96242.09c    2.27315E-07
96244.09c    3.29860E-07
96245.09c    1.91932E-08
62152.09c    3.80293E-06
54131.09c    1.92453E-05
55133.09c    4.89544E-05
60145.09c    2.74653E-05
60143.09c    3.56467E-05
61147.09c    8.00331E-06
42095.09c    4.04334E-05
55134.09c    4.79817E-06
59141.09c    4.36602E-05
61148.09c    4.20441E-08
45105.09c    5.84852E-08
61149.09c    4.57742E-08
36083.09c    3.27907E-06
44101.09c    4.35920E-05
46105.09c    1.82817E-05
55135.09c    2.03275E-05
62150.09c    1.07668E-05
63151.09c    8.38562E-10
63153.09c    3.95339E-06
63154.09c    8.52652E-07
95242.09c    1.91880E-09
96243.09c    4.15988E-09
68162.09c    8.14468E-18
68164.09c    3.84009E-14
68166.09c    4.87529E-10
68167.09c    4.04335E-11
68168.09c    1.38100E-10
68170.09c    1.30550E-11

mat fuel2    sum tmp 1000.0 rgb 255 0 0 burn 1
92235.09c    2.51942E-04 
92238.09c    2.12256E-02
 8016.09c    4.63942E-02
92236.09c    1.50746E-04
43099.09c    6.47695E-05
45103.09c    3.32551E-05
47109.09c    5.75882E-06
48113.09c    9.24355E-09
54135.09c    9.80210E-09
62149.09c    1.18797E-07
62151.09c    6.47581E-07
63155.09c    4.65076E-07
64152.09c    2.41398E-11
64154.09c    1.71665E-07
64155.09c    4.94684E-09
64156.09c    5.17242E-06
64157.09c    6.81839E-09
64158.09c    1.06579E-06
64160.09c    5.84084E-08
93237.09c    1.79771E-05
93239.09c    2.11122E-06
94238.09c    7.86865E-06
94239.09c    1.63331E-04
94240.09c    6.64216E-05
94241.09c    4.45989E-05
94242.09c    1.78409E-05
95241.09c    1.69243E-06
95243.09c    4.75645E-06
96242.09c    5.94384E-07
96244.09c    2.00091E-06
96245.09c    1.67529E-07
62152.09c    4.88716E-06
54131.09c    2.50457E-05
55133.09c    6.83544E-05
60145.09c    3.77580E-05
60143.09c    4.55653E-05
61147.09c    8.47107E-06
42095.09c    6.01512E-05
55134.09c    9.49129E-06
59141.09c    6.50216E-05
61148.09c    4.87366E-08
45105.09c    7.05033E-08
61149.09c    4.98649E-08
36083.09c    4.13030E-06
44101.09c    6.45857E-05
46105.09c    3.15965E-05
55135.09c    2.96681E-05
62150.09c    1.65386E-05
63151.09c    8.29013E-10
63153.09c    6.36881E-06
63154.09c    1.61922E-06
95242.09c    3.99649E-09
96243.09c    1.68376E-08
68162.09c    1.48361E-17
68164.09c    9.41624E-14
68166.09c    1.55956E-09
68167.09c    7.83505E-11
68168.09c    3.12020E-10
68170.09c    2.25098E-11

mat clad     sum tmp 608 rgb 150 150 150
40000.03c    0.021226164946
41093.03c    0.000214405707

mat water    sum tmp 587 moder lwtr 1001 rgb 200 200 255
1001.03c     0.046597943333
8016.03c     0.023298971667

therm lwtr 587 lwe7.10t lwe7.14t

% --- Boundary condition (reflective):

set bc 2

% --- Neutron population and criticality cycles:

set pop 20000 100 20

% --- Geometry and mesh plots:

plot 3 1000 1000

plot 2 1000 1000

plot 33 1000 1000

%mesh 3 1000 1000

%mesh 2 1000 1000

div fuel  sep 1 

set mcvol 10000000

set inventory
922350
922380
 80160
922360
430990
451030
471090
481130
541350
621490
621510
631550
641520
641540
641550
641560
641570
641580
641600
932370
932390
942380
942390
942400
942410
942420
952410
952430
962420
962440
962450
621520
541310
551330
601450
601430
611470
420950
551340
591410
611480
451050
611490
360830
441010
461050
551350
621500
631510
631530
631540
641540
952420
962430 
681620
681640
681660
681670
681680
681700
 
set pcc leli 10 10

set powdens 35.719847E-3
 
dep daytot 

10.000
20.000
30.000

% --- Decay data library:

set declib "/home/SHARED/Serpent/xsdata/ENDFB7/sss_endfb7.dec"

% --- Neutron induced fission yield library:

set nfylib "/home/SHARED/Serpent/xsdata/ENDFB7/sss_endfb7.nfy"

% --- library

set acelib "/home/SHARED/Serpent/xsdata/ENDFB7/sss_endfb7.xsdata" 